     1   0.0016   0.3466   0.0022   0.0753   0.0028   0.2173   0.2173   0.0018   0.0000  -0.0307  -0.0850    0.391
     2   0.0144   0.3466   0.0066   0.0753   0.0061   0.2173   0.2173   0.0018   0.0000  -0.0307  -0.0850    0.391
     3   0.0396   0.3466   0.0108   0.0753   0.0081   0.2172   0.2172   0.0018   0.0000  -0.0307  -0.0850    0.391
     4   0.0766   0.3466   0.0148   0.0752   0.0097   0.2170   0.2170   0.0018   0.0000  -0.0307  -0.0849    0.391
     5   0.1246   0.3466   0.0184   0.0751   0.0112   0.2166   0.2166   0.0018   0.0000  -0.0307  -0.0848    0.392
     6   0.1823   0.3466   0.0215   0.0748   0.0126   0.2158   0.2158   0.0018   0.0000  -0.0306  -0.0846    0.392
     7   0.2483   0.3466   0.0241   0.0744   0.0142   0.2145   0.2145   0.0018   0.0000  -0.0306  -0.0842    0.393
     8   0.3210   0.3466   0.0261   0.0736   0.0159   0.2125   0.2125   0.0018   0.0000  -0.0305  -0.0836    0.394
     9   0.3986   0.3466   0.0275   0.0726   0.0176   0.2095   0.2095   0.0019   0.0000  -0.0304  -0.0827    0.395
    10   0.4792   0.3466   0.0282   0.0712   0.0191   0.2054   0.2054   0.0019   0.0000  -0.0302  -0.0815    0.397
    11   0.5607   0.3466   0.0282   0.0692   0.0206   0.1998   0.1998   0.0020   0.0000  -0.0299  -0.0798    0.400
    12   0.6413   0.3466   0.0275   0.0667   0.0223   0.1923   0.1923   0.0021   0.0000  -0.0294  -0.0775    0.403
    13   0.7189   0.3466   0.0261   0.0633   0.0243   0.1826   0.1826   0.0022   0.0000  -0.0288  -0.0744    0.408
    14   0.7916   0.3466   0.0241   0.0590   0.0267   0.1702   0.1702   0.0022   0.0000  -0.0278  -0.0703    0.413
    15   0.8576   0.3466   0.0215   0.0536   0.0296   0.1546   0.1546   0.0022   0.0000  -0.0263  -0.0649    0.420
    16   0.9153   0.3466   0.0184   0.0468   0.0329   0.1351   0.1351   0.0021   0.0000  -0.0241  -0.0579    0.428
    17   0.9633   0.3466   0.0148   0.0387   0.0364   0.1115   0.1115   0.0019   0.0000  -0.0209  -0.0488    0.437
    18   1.0003   0.3466   0.0108   0.0290   0.0399   0.0837   0.0837   0.0015   0.0000  -0.0165  -0.0375    0.447
    19   1.0255   0.3466   0.0066   0.0181   0.0432   0.0522   0.0522   0.0010   0.0000  -0.0108  -0.0239    0.458
    20   1.0383   0.3466   0.0022   0.0062   0.0491   0.0179   0.0179   0.0004   0.0000  -0.0040  -0.0084    0.471
